2 2
2 5.31
2 8.62
2 11.9
2 15.2
2 18.6
2 21.9
2 25.2
2 28.5
2 31.8
2 35.1
2 38.4
2 41.7
2 45
2 48.3
2 51.7
2 55
2 58.3
2 61.6
2 64.9
2 68.2
2 71.5
2 74.8
2 78.1
2 81.4
2 84.8
2 88.1
2 91.4
2 94.7
2 98
5.31 2
5.31 5.31
5.31 8.62
5.31 11.9
5.31 15.2
5.31 18.6
5.31 21.9
5.31 25.2
5.31 28.5
5.31 31.8
5.31 35.1
5.31 38.4
5.31 41.7
5.31 45
5.31 48.3
5.31 51.7
5.31 55
5.31 58.3
5.31 61.6
5.31 64.9
5.31 68.2
5.31 71.5
5.31 74.8
5.31 78.1
5.31 81.4
5.31 84.8
5.31 88.1
5.31 91.4
5.31 94.7
5.31 98
8.62 2
8.62 5.31
8.62 8.62
8.62 11.9
8.62 15.2
8.62 18.6
8.62 21.9
8.62 25.2
8.62 28.5
8.62 31.8
8.62 35.1
8.62 38.4
8.62 41.7
8.62 45
8.62 48.3
8.62 51.7
8.62 55
8.62 58.3
8.62 61.6
8.62 64.9
8.62 68.2
8.62 71.5
8.62 74.8
8.62 78.1
8.62 81.4
8.62 84.8
8.62 88.1
8.62 91.4
8.62 94.7
8.62 98
11.9 2
11.9 5.31
11.9 8.62
11.9 11.9
11.9 15.2
11.9 18.6
11.9 21.9
11.9 25.2
11.9 28.5
11.9 31.8
11.9 35.1
11.9 38.4
11.9 41.7
11.9 45
11.9 48.3
11.9 51.7
11.9 55
11.9 58.3
11.9 61.6
11.9 64.9
11.9 68.2
11.9 71.5
11.9 74.8
11.9 78.1
11.9 81.4
11.9 84.8
11.9 88.1
11.9 91.4
11.9 94.7
11.9 98
15.2 2
15.2 5.31
15.2 8.62
15.2 11.9
15.2 15.2
15.2 18.6
15.2 21.9
15.2 25.2
15.2 28.5
15.2 31.8
15.2 35.1
15.2 38.4
15.2 41.7
15.2 45
15.2 48.3
15.2 51.7
15.2 55
15.2 58.3
15.2 61.6
15.2 64.9
15.2 68.2
15.2 71.5
15.2 74.8
15.2 78.1
15.2 81.4
15.2 84.8
15.2 88.1
15.2 91.4
15.2 94.7
15.2 98
18.6 2
18.6 5.31
18.6 8.62
18.6 11.9
18.6 15.2
18.6 18.6
18.6 21.9
18.6 25.2
18.6 28.5
18.6 31.8
18.6 35.1
18.6 38.4
18.6 41.7
18.6 45
18.6 48.3
18.6 51.7
18.6 55
18.6 58.3
18.6 61.6
18.6 64.9
18.6 68.2
18.6 71.5
18.6 74.8
18.6 78.1
18.6 81.4
18.6 84.8
18.6 88.1
18.6 91.4
18.6 94.7
18.6 98
21.9 2
21.9 5.31
21.9 8.62
21.9 11.9
21.9 15.2
21.9 18.6
21.9 21.9
21.9 25.2
21.9 28.5
21.9 31.8
21.9 35.1
21.9 38.4
21.9 41.7
21.9 45
21.9 48.3
21.9 51.7
21.9 55
21.9 58.3
21.9 61.6
21.9 64.9
21.9 68.2
21.9 71.5
21.9 74.8
21.9 78.1
21.9 81.4
21.9 84.8
21.9 88.1
21.9 91.4
21.9 94.7
21.9 98
25.2 2
25.2 5.31
25.2 8.62
25.2 11.9
25.2 15.2
25.2 18.6
25.2 21.9
25.2 25.2
25.2 28.5
25.2 31.8
25.2 35.1
25.2 38.4
25.2 41.7
25.2 45
25.2 48.3
25.2 51.7
25.2 55
25.2 58.3
25.2 61.6
25.2 64.9
25.2 68.2
25.2 71.5
25.2 74.8
25.2 78.1
25.2 81.4
25.2 84.8
25.2 88.1
25.2 91.4
25.2 94.7
25.2 98
28.5 2
28.5 5.31
28.5 8.62
28.5 11.9
28.5 15.2
28.5 18.6
28.5 21.9
28.5 25.2
28.5 28.5
28.5 31.8
28.5 35.1
28.5 38.4
28.5 41.7
28.5 45
28.5 48.3
28.5 51.7
28.5 55
28.5 58.3
28.5 61.6
28.5 64.9
28.5 68.2
28.5 71.5
28.5 74.8
28.5 78.1
28.5 81.4
28.5 84.8
28.5 88.1
28.5 91.4
28.5 94.7
28.5 98
31.8 2
31.8 5.31
31.8 8.62
31.8 11.9
31.8 15.2
31.8 18.6
31.8 21.9
31.8 25.2
31.8 28.5
31.8 31.8
31.8 35.1
31.8 38.4
31.8 41.7
31.8 45
31.8 48.3
31.8 51.7
31.8 55
31.8 58.3
31.8 61.6
31.8 64.9
31.8 68.2
31.8 71.5
31.8 74.8
31.8 78.1
31.8 81.4
31.8 84.8
31.8 88.1
31.8 91.4
31.8 94.7
31.8 98
35.1 2
35.1 5.31
35.1 8.62
35.1 11.9
35.1 15.2
35.1 18.6
35.1 21.9
35.1 25.2
35.1 28.5
35.1 31.8
35.1 35.1
35.1 38.4
35.1 41.7
35.1 45
35.1 48.3
35.1 51.7
35.1 55
35.1 58.3
35.1 61.6
35.1 64.9
35.1 68.2
35.1 71.5
35.1 74.8
35.1 78.1
35.1 81.4
35.1 84.8
35.1 88.1
35.1 91.4
35.1 94.7
35.1 98
38.4 2
38.4 5.31
38.4 8.62
38.4 11.9
38.4 15.2
38.4 18.6
38.4 21.9
38.4 25.2
38.4 28.5
38.4 31.8
38.4 35.1
38.4 38.4
38.4 41.7
38.4 45
38.4 48.3
38.4 51.7
38.4 55
38.4 58.3
38.4 61.6
38.4 64.9
38.4 68.2
38.4 71.5
38.4 74.8
38.4 78.1
38.4 81.4
38.4 84.8
38.4 88.1
38.4 91.4
38.4 94.7
38.4 98
41.7 2
41.7 5.31
41.7 8.62
41.7 11.9
41.7 15.2
41.7 18.6
41.7 21.9
41.7 25.2
41.7 28.5
41.7 31.8
41.7 35.1
41.7 38.4
41.7 41.7
41.7 45
41.7 48.3
41.7 51.7
41.7 55
41.7 58.3
41.7 61.6
41.7 64.9
41.7 68.2
41.7 71.5
41.7 74.8
41.7 78.1
41.7 81.4
41.7 84.8
41.7 88.1
41.7 91.4
41.7 94.7
41.7 98
45 2
45 5.31
45 8.62
45 11.9
45 15.2
45 18.6
45 21.9
45 25.2
45 28.5
45 31.8
45 35.1
45 38.4
45 41.7
45 45
45 48.3
45 51.7
45 55
45 58.3
45 61.6
45 64.9
45 68.2
45 71.5
45 74.8
45 78.1
45 81.4
45 84.8
45 88.1
45 91.4
45 94.7
45 98
48.3 2
48.3 5.31
48.3 8.62
48.3 11.9
48.3 15.2
48.3 18.6
48.3 21.9
48.3 25.2
48.3 28.5
48.3 31.8
48.3 35.1
48.3 38.4
48.3 41.7
48.3 45
48.3 48.3
48.3 51.7
48.3 55
48.3 58.3
48.3 61.6
48.3 64.9
48.3 68.2
48.3 71.5
48.3 74.8
48.3 78.1
48.3 81.4
48.3 84.8
48.3 88.1
48.3 91.4
48.3 94.7
48.3 98
51.7 2
51.7 5.31
51.7 8.62
51.7 11.9
51.7 15.2
51.7 18.6
51.7 21.9
51.7 25.2
51.7 28.5
51.7 31.8
51.7 35.1
51.7 38.4
51.7 41.7
51.7 45
51.7 48.3
51.7 51.7
51.7 55
51.7 58.3
51.7 61.6
51.7 64.9
51.7 68.2
51.7 71.5
51.7 74.8
51.7 78.1
51.7 81.4
51.7 84.8
51.7 88.1
51.7 91.4
51.7 94.7
51.7 98
55 2
55 5.31
55 8.62
55 11.9
55 15.2
55 18.6
55 21.9
55 25.2
55 28.5
55 31.8
55 35.1
55 38.4
55 41.7
55 45
55 48.3
55 51.7
55 55
55 58.3
55 61.6
55 64.9
55 68.2
55 71.5
55 74.8
55 78.1
55 81.4
55 84.8
55 88.1
55 91.4
55 94.7
55 98
58.3 2
58.3 5.31
58.3 8.62
58.3 11.9
58.3 15.2
58.3 18.6
58.3 21.9
58.3 25.2
58.3 28.5
58.3 31.8
58.3 35.1
58.3 38.4
58.3 41.7
58.3 45
58.3 48.3
58.3 51.7
58.3 55
58.3 58.3
58.3 61.6
58.3 64.9
58.3 68.2
58.3 71.5
58.3 74.8
58.3 78.1
58.3 81.4
58.3 84.8
58.3 88.1
58.3 91.4
58.3 94.7
58.3 98
61.6 2
61.6 5.31
61.6 8.62
61.6 11.9
61.6 15.2
61.6 18.6
61.6 21.9
61.6 25.2
61.6 28.5
61.6 31.8
61.6 35.1
61.6 38.4
61.6 41.7
61.6 45
61.6 48.3
61.6 51.7
61.6 55
61.6 58.3
61.6 61.6
61.6 64.9
61.6 68.2
61.6 71.5
61.6 74.8
61.6 78.1
61.6 81.4
61.6 84.8
61.6 88.1
61.6 91.4
61.6 94.7
61.6 98
64.9 2
64.9 5.31
64.9 8.62
64.9 11.9
64.9 15.2
64.9 18.6
64.9 21.9
64.9 25.2
64.9 28.5
64.9 31.8
64.9 35.1
64.9 38.4
64.9 41.7
64.9 45
64.9 48.3
64.9 51.7
64.9 55
64.9 58.3
64.9 61.6
64.9 64.9
64.9 68.2
64.9 71.5
64.9 74.8
64.9 78.1
64.9 81.4
64.9 84.8
64.9 88.1
64.9 91.4
64.9 94.7
64.9 98
68.2 2
68.2 5.31
68.2 8.62
68.2 11.9
68.2 15.2
68.2 18.6
68.2 21.9
68.2 25.2
68.2 28.5
68.2 31.8
68.2 35.1
68.2 38.4
68.2 41.7
68.2 45
68.2 48.3
68.2 51.7
68.2 55
68.2 58.3
68.2 61.6
68.2 64.9
68.2 68.2
68.2 71.5
68.2 74.8
68.2 78.1
68.2 81.4
68.2 84.8
68.2 88.1
68.2 91.4
68.2 94.7
68.2 98
71.5 2
71.5 5.31
71.5 8.62
71.5 11.9
71.5 15.2
71.5 18.6
71.5 21.9
71.5 25.2
71.5 28.5
71.5 31.8
71.5 35.1
71.5 38.4
71.5 41.7
71.5 45
71.5 48.3
71.5 51.7
71.5 55
71.5 58.3
71.5 61.6
71.5 64.9
71.5 68.2
71.5 71.5
71.5 74.8
71.5 78.1
71.5 81.4
71.5 84.8
71.5 88.1
71.5 91.4
71.5 94.7
71.5 98
74.8 2
74.8 5.31
74.8 8.62
74.8 11.9
74.8 15.2
74.8 18.6
74.8 21.9
74.8 25.2
74.8 28.5
74.8 31.8
74.8 35.1
74.8 38.4
74.8 41.7
74.8 45
74.8 48.3
74.8 51.7
74.8 55
74.8 58.3
74.8 61.6
74.8 64.9
74.8 68.2
74.8 71.5
74.8 74.8
74.8 78.1
74.8 81.4
74.8 84.8
74.8 88.1
74.8 91.4
74.8 94.7
74.8 98
78.1 2
78.1 5.31
78.1 8.62
78.1 11.9
78.1 15.2
78.1 18.6
78.1 21.9
78.1 25.2
78.1 28.5
78.1 31.8
78.1 35.1
78.1 38.4
78.1 41.7
78.1 45
78.1 48.3
78.1 51.7
78.1 55
78.1 58.3
78.1 61.6
78.1 64.9
78.1 68.2
78.1 71.5
78.1 74.8
78.1 78.1
78.1 81.4
78.1 84.8
78.1 88.1
78.1 91.4
78.1 94.7
78.1 98
81.4 2
81.4 5.31
81.4 8.62
81.4 11.9
81.4 15.2
81.4 18.6
81.4 21.9
81.4 25.2
81.4 28.5
81.4 31.8
81.4 35.1
81.4 38.4
81.4 41.7
81.4 45
81.4 48.3
81.4 51.7
81.4 55
81.4 58.3
81.4 61.6
81.4 64.9
81.4 68.2
81.4 71.5
81.4 74.8
81.4 78.1
81.4 81.4
81.4 84.8
81.4 88.1
81.4 91.4
81.4 94.7
81.4 98
84.8 2
84.8 5.31
84.8 8.62
84.8 11.9
84.8 15.2
84.8 18.6
84.8 21.9
84.8 25.2
84.8 28.5
84.8 31.8
84.8 35.1
84.8 38.4
84.8 41.7
84.8 45
84.8 48.3
84.8 51.7
84.8 55
84.8 58.3
84.8 61.6
84.8 64.9
84.8 68.2
84.8 71.5
84.8 74.8
84.8 78.1
84.8 81.4
84.8 84.8
84.8 88.1
84.8 91.4
84.8 94.7
84.8 98
88.1 2
88.1 5.31
88.1 8.62
88.1 11.9
88.1 15.2
88.1 18.6
88.1 21.9
88.1 25.2
88.1 28.5
88.1 31.8
88.1 35.1
88.1 38.4
88.1 41.7
88.1 45
88.1 48.3
88.1 51.7
88.1 55
88.1 58.3
88.1 61.6
88.1 64.9
88.1 68.2
88.1 71.5
88.1 74.8
88.1 78.1
88.1 81.4
88.1 84.8
88.1 88.1
88.1 91.4
88.1 94.7
88.1 98
91.4 2
91.4 5.31
91.4 8.62
91.4 11.9
91.4 15.2
91.4 18.6
91.4 21.9
91.4 25.2
91.4 28.5
91.4 31.8
91.4 35.1
91.4 38.4
91.4 41.7
91.4 45
91.4 48.3
91.4 51.7
91.4 55
91.4 58.3
91.4 61.6
91.4 64.9
91.4 68.2
91.4 71.5
91.4 74.8
91.4 78.1
91.4 81.4
91.4 84.8
91.4 88.1
91.4 91.4
91.4 94.7
91.4 98
94.7 2
94.7 5.31
94.7 8.62
94.7 11.9
94.7 15.2
94.7 18.6
94.7 21.9
94.7 25.2
94.7 28.5
94.7 31.8
94.7 35.1
94.7 38.4
94.7 41.7
94.7 45
94.7 48.3
94.7 51.7
94.7 55
94.7 58.3
94.7 61.6
94.7 64.9
94.7 68.2
94.7 71.5
94.7 74.8
94.7 78.1
94.7 81.4
94.7 84.8
94.7 88.1
94.7 91.4
94.7 94.7
94.7 98
98 2
98 5.31
98 8.62
98 11.9
98 15.2
98 18.6
98 21.9
98 25.2
98 28.5
98 31.8
98 35.1
98 38.4
98 41.7
98 45
98 48.3
98 51.7
98 55
98 58.3
98 61.6
98 64.9
98 68.2
98 71.5
98 74.8
98 78.1
98 81.4
98 84.8
98 88.1
98 91.4
98 94.7
98 98
