25.4097
25.5922
22.7177
21.8336
21.2422
20.979
20.9989
21.1862
21.3103
22.0709
23.0995
23.3866
23.5765
24.1988
24.2826
24.6607
25.4084
26.6266
27.8935
28.3511
28.2263
28.092
27.817
27.8305
27.9287
27.9597
28.8618
30.0603
30.6832
31.6903
25.0747
20.8345
20.8459
21.1963
20.6548
20.4233
19.7711
21.1461
21.7274
22.4751
22.4951
22.7376
22.3506
23.3695
23.8641
24.5822
25.6567
26.5643
27.4154
27.842
27.2573
27.067
26.8474
26.8339
27.1317
27.5295
28.9167
30.1084
30.9234
31.6743
22.1932
20.8459
20.8345
20.6234
20.0455
19.3579
21.0524
22.3521
22.448
21.9351
21.8164
21.595
23.0594
23.3582
23.8636
24.7644
25.4803
26.4454
27.2362
26.7815
26.3439
26.2779
26.0648
26.301
26.9974
28.1714
29.7229
30.6356
31.0417
31.6305
21.1698
21.2078
20.6247
20.3299
20.1698
20.7256
22.0683
21.4828
21.8091
21.6335
21.9338
22.1653
22.8456
23.1338
23.5453
24.7539
25.6181
26.4299
26.3329
26.0607
25.8735
25.7314
25.8314
26.6121
27.9134
29.148
30.1225
30.2245
30.5235
31.1189
20.729
20.794
20.0988
20.6515
21.2654
21.2777
22.0004
22.6368
22.5088
22.3688
21.8519
22.69
22.6644
22.9343
24.2934
25.334
25.6979
25.7094
25.9403
25.8556
25.9388
26.0616
26.3446
27.6025
28.7367
29.1909
29.4606
29.6779
30.3051
30.8826
21.3152
20.5213
19.917
22.0076
21.2777
21.2654
22.6679
23.0267
22.1693
21.1294
21.1041
21.4831
22.1401
23.4615
24.7651
24.7838
24.5055
25.3704
26.269
26.2751
25.9517
25.8397
26.8011
27.7472
28.2971
28.2553
28.5738
29.2371
29.819
30.4661
20.5913
20.1578
21.4168
21.3804
20.8142
21.6696
22.7216
22.4771
20.9506
20.2728
21.1341
21.5183
22.5443
24.3146
24.6243
24.3129
25.2015
26.32
26.588
26.0376
25.3349
26.0344
26.7423
27.2275
27.3138
27.2431
28.1058
28.9559
29.6406
30.2371
20.1991
21.0396
21.7527
21.7908
21.3954
22.1222
22.5634
20.0851
20.096
20.0907
21.1744
21.8293
23.3444
24.8897
24.2755
24.7008
25.8312
26.694
25.7383
24.8613
25.1504
25.5468
26.0784
26.0399
26.2038
26.9448
28.0698
28.8813
29.4947
30.3572
21.1179
21.755
21.9641
21.9396
22.0495
22.181
21.8077
20.096
20.0851
21.2503
22.2699
22.5734
24.4798
24.2659
25.0507
25.6407
26.0972
25.5432
24.5947
24.6598
24.7433
25.05
25.0849
25.6524
26.5428
27.2806
28.3642
28.9522
29.6943
30.4677
22.4091
22.4573
22.1407
22.7938
21.6567
21.7169
21.23
20.6334
21.6533
22.3717
22.3823
23.9947
24.9354
25.3809
24.98
25.2851
25.3975
24.5302
24.3824
24.2553
24.2336
24.5051
25.3212
26.0926
26.89
27.4043
28.11
28.9965
29.702
29.9389
22.7408
22.4601
22.3367
22.4325
21.8584
21.9113
21.8644
21.6431
22.4544
22.4194
24.5212
24.5346
25.0537
25.0631
24.7934
25.4345
24.3679
24.1044
23.8301
23.8731
23.9646
25.1001
25.7056
26.3905
26.8277
27.0281
28.305
29.0239
29.218
29.0127
22.82
21.8053
23.3149
23.0743
22.2721
22.1962
22.2603
21.6813
22.9846
22.7798
24.5346
24.5212
24.9522
25.1648
25.4512
24.199
23.6755
23.1743
24.0376
23.7641
24.7712
26.1368
25.7503
26.1392
26.5606
27.3374
28.2699
28.4799
28.2079
28.1613
22.7629
23.305
23.3604
22.7349
21.9164
22.4346
22.8659
23.8312
23.0556
24.5932
24.9479
25.0528
25.4544
25.4683
23.9888
22.6979
22.502
23.5163
23.7553
24.3491
24.9615
25.2991
25.2143
25.6855
26.6959
26.99
27.7268
27.526
27.5195
27.5939
23.2297
23.5908
23.7065
22.7446
23.2066
24.0097
24.1565
23.5582
24.3936
25.2287
25.1576
25.0242
25.4683
22.1332
22.4856
24.5007
24.5537
24.6072
24.9607
24.9255
25.2501
26.6238
27.0888
27.237
27.3097
27.2617
27.4921
27.026
23.9903
24.4906
24.5388
24.6075
24.9597
24.8311
24.493
24.5156
25.6198
25.3737
25.1271
24.9236
23.6902
22.1332
22.1211
24.9145
24.4913
24.4864
24.5208
24.833
25.2079
26.3213
26.9761
26.9362
26.2835
26.7256
26.7126
26.4431
25.9097
25.2102
25.4653
25.6792
25.534
25.0433
24.2324
24.9736
25.2748
25.3461
24.9227
24.1203
23.4843
22.38
22.2353
23.6473
24.9232
24.9368
24.5213
24.2072
24.8628
26.0619
26.01
26.3761
25.5031
25.3758
26.0974
25.9657
25.3227
24.7766
26.0857
26.0744
26.3094
25.7895
24.6832
25.0595
25.6013
25.816
25.1222
24.0387
23.6378
22.1661
22.9952
23.7515
24.6642
24.9368
24.2708
24.0424
24.4591
25.4644
25.5345
25.372
24.9013
24.8486
24.9084
25.6194
24.6873
24.0736
24.3499
26.4442
26.6629
26.3242
25.2995
24.789
25.6673
25.8414
25.007
23.9318
23.5016
22.3814
22.9404
23.7847
24.6197
24.7728
24.7665
24.2708
24.2576
24.3301
25.2162
25.5475
25.4385
24.3654
24.5756
24.2018
24.3329
24.4033
23.4449
23.6323
24.1326
26.8604
26.7082
25.9604
25.2277
25.2587
25.6523
25.3055
24.2283
23.9636
23.2213
23.3619
23.9179
25.1432
25.0069
24.7747
24.6955
24.3354
24.8549
25.1885
25.2022
25.3932
24.262
23.744
23.8387
23.6598
23.8355
23.5804
22.9638
23.4261
23.8693
26.779
26.3596
25.8726
25.1924
25.4296
25.5987
25.0285
24.7576
24.2036
24.0143
24.07
25.0205
25.3885
24.9024
25.0555
24.681
25.1323
25.4854
25.2022
25.1885
24.0134
23.6863
23.3068
23.633
23.5901
22.9191
23.0971
22.5342
23.2774
23.824
26.4141
26.2672
25.5683
25.5306
25.6308
26.0599
26.1947
25.6294
24.9054
24.5662
25.3077
25.8817
25.5415
25.2424
25.2383
25.6159
25.438
25.3056
24.2423
24.1148
24.0599
23.2895
23.2251
23.6067
22.4839
22.6545
22.1005
23.3339
23.9804
25.0636
26.2653
26.2244
26.0199
26.4676
27.0567
27.292
26.7985
25.991
24.9316
25.2393
25.9686
25.917
25.7009
25.3393
25.7564
25.562
25.3431
24.6626
24.4504
24.4455
24.4524
23.5406
23.5534
23.0133
21.3503
22.0014
23.4816
23.8055
25.4635
25.6061
26.6728
26.9758
27.3205
27.9973
28.2611
27.893
27.0724
25.9924
25.7373
26.1858
26.6253
26.4334
26.0391
26.5369
26.2803
25.6911
25.0841
24.7291
24.6107
24.559
24.0131
23.5534
23.5406
21.5674
21.6812
23.0406
24.2317
24.7086
25.0484
25.1785
27.7298
28.2984
28.9951
29.3972
28.9319
28.1716
27.273
26.7839
26.5587
26.9048
26.7924
26.4655
26.9378
26.6291
26.4331
25.1313
24.8304
24.6108
24.2974
24.1807
23.974
22.4822
21.3861
21.5126
22.0603
24.6724
24.2113
24.5704
24.8181
24.939
28.8532
29.9119
30.4187
29.9136
29.0006
27.9918
27.4276
26.9283
26.8845
27.0726
27.03
27.0666
27.0523
26.7368
25.5455
25.2617
25.3064
24.8816
24.6297
24.0021
22.9558
21.5112
21.7461
22.6637
24.7577
24.772
24.6439
24.5896
24.8202
24.4941
30.1485
31.1086
30.6174
29.5384
28.4949
27.8265
27.8403
27.5005
27.454
27.9933
28.2101
27.7468
27.4093
26.4319
26.1664
25.9479
26.0155
25.287
24.1991
23.4367
22
21.5175
23.1461
24.518
24.772
24.7577
24.0463
24.1735
24.0372
24.7175
31.4774
31.6842
30.5449
29.6736
28.9914
28.9289
29.0474
28.6225
28.833
29.3343
28.8841
28.213
27.5728
26.8515
26.8287
26.4597
25.4787
24.1914
23.8922
22.557
22.4975
22.794
24.5513
24.4521
24.2601
23.8627
24.1162
24.1845
24.6093
24.6107
32.486
32.112
31.0036
30.4773
29.9391
30.1266
30.1908
29.733
29.997
29.9404
29.105
28.1521
27.7566
27.2196
26.5339
25.7248
24.7637
23.8401
23.6567
23.5508
23.3968
24.0842
24.5162
24.6652
24.6419
24.0477
24.0584
24.5045
24.5178
24.5049
33.3113
32.452
31.6966
31.0561
30.7653
31.1582
31.1363
30.536
30.4707
29.9545
28.7527
28.1813
27.5194
26.8118
25.9985
25.173
25.1293
24.3467
24.118
23.7727
24.2067
24.503
24.4657
24.7309
24.5319
24.4191
24.506
24.5178
24.5045
24.8651
33.3536
32.7181
31.9764
31.4802
31.5296
32.0897
31.7089
30.8904
30.5924
29.9112
28.6317
27.7335
27.3775
26.5248
26.029
25.9279
25.4831
24.8204
24.3028
24.5272
24.7918
24.3234
24.7387
25.1243
25.0712
24.7044
24.9402
25.051
24.9688
24.8114
