3.87 4.48 4.41 3.54 3.5 3.94 3.78 3.62 4.26 3.57 3.79 4.28 4.33 3.99 4.24 4.35 4.44 4.13 3.59 3.54
3.66 4.28 4.25 3.77 4.09 4.27 4.16 4.46 3.73 3.96 3.82 4.31 4.26 4.39 3.8 3.99 3.74 3.76 4.01 4.26
3.89 4.44 3.79 3.73 4.28 4.18 4.1 3.94 3.86 3.87 3.66 3.77 4.45 4.41 3.54 4.37 3.71 4.4 4.45 4.16
4.3 4.24 4.13 3.86 4.16 4.21 4.16 4.38 3.86 4.32 3.89 4.4 3.83 4 4.34 3.83 3.77 4.27 4.34 4.1
3.9 3.75 3.96 3.63 4.03 3.96 3.81 4.36 3.77 4.04 4.4 4.11 3.89 4.03 3.87 3.71 4.28 4.06 4.44 3.73
4.26 4.22 3.63 9 9.19 8.68 3.83 3.86 3.84 4.32 4.39 3.51 3.65 4.41 4.16 3.99 3.83 4.4 4.47 4.21
3.8 4.19 8.69 8.56 9.15 8.97 9.19 4.13 3.59 3.96 3.89 3.84 3.83 4.08 4.4 3.53 4.1 3.87 3.87 4.22
4.14 8.87 9.33 9.02 4.33 9.34 9.41 4.36 3.95 9.17 4.18 4.03 4.05 4.28 3.77 8.52 3.68 3.84 3.82 3.84
4.39 8.65 8.99 4.5 4.46 4.42 3.69 3.52 3.95 9.37 3.75 4.13 4.05 4.16 4.5 9.01 3.59 4.12 4.28 3.53
3.71 9.45 9.09 4.01 3.81 4.49 3.6 8.54 8.73 8.84 8.97 9.41 3.66 8.83 9.19 8.83 9.25 8.83 3.71 4.34
3.98 9.15 8.54 3.89 4.3 4.43 3.79 3.58 3.53 8.53 4.45 3.95 3.62 3.97 4.33 8.84 3.81 3.59 4.46 4.27
3.61 9.48 9.06 8.55 3.79 9 8.66 3.88 4.14 9.41 4.12 4.31 3.9 3.72 4.29 9.45 3.73 3.88 4.43 4.01
3.63 4.27 9.13 9.34 9.12 9.26 8.93 3.65 3.56 3.51 3.71 3.64 4.33 4.1 4.16 4.33 4.41 3.69 3.87 4.21
3.56 4.25 4.05 9.09 9.45 8.68 3.85 3.53 3.67 3.5 3.61 4.47 3.69 3.68 4.04 3.76 4.44 4.31 3.84 4.29
3.58 3.82 4.47 3.75 3.51 3.96 4.04 4.28 4.18 3.67 4.07 4.33 4 3.7 3.89 4.18 3.53 4.22 4.19 3.83
4.13 4.01 3.94 3.86 3.59 4.4 4.49 3.83 4.05 3.87 3.77 3.84 3.63 4.36 4.32 4.29 4.09 4.17 4.22 4.41
3.91 4.27 4.09 3.9 3.83 3.89 3.53 4.32 3.51 4.22 3.57 4.12 4.36 3.63 4.1 4.18 3.54 4.41 4.3 4.08
4.14 4.07 3.61 4.43 3.81 4.1 4.21 3.67 3.79 3.66 3.66 3.8 4.27 4.15 4.28 4.15 3.92 4.32 4.09 3.79
4.36 4.45 3.7 4 3.52 4.06 4.41 4.18 3.88 3.78 3.55 3.59 4.06 3.94 4.49 3.74 4.02 4.05 3.6 3.77
4.26 3.67 3.66 4.11 3.66 4.35 4.37 4.38 3.65 4.14 4.18 4.02 3.89 4.11 4.29 3.98 4.34 3.52 4.06 4.39
